Smoothing weights
546         !Total number of smoothing grids
gridID    weights
   0  7.305212e-06
   1  7.305212e-06
   2  6.063326e-06
   3  5.759499e-06
   4  5.429173e-06
   5  5.376827e-06
   6  5.313069e-06
   7  5.264550e-06
   8  5.173232e-06
   9  5.205976e-06
  10  5.133002e-06
  11  5.095114e-06
  12  5.061419e-06
  13  5.044538e-06
  14  5.052703e-06
  15  5.044936e-06
  16  5.002538e-06
  17  5.001678e-06
  18  5.011462e-06
  19  4.983099e-06
  20  4.980794e-06
  21  4.965990e-06
  22  4.955687e-06
  23  4.971495e-06
  24  4.920335e-06
  25  4.955964e-06
  26  4.939674e-06
  27  4.897646e-06
  28  4.883777e-06
  29  4.888488e-06
  30  4.883176e-06
  31  4.862291e-06
  32  4.861895e-06
  33  4.844397e-06
  34  4.907061e-06
  35  4.832367e-06
  36  4.840286e-06
  37  4.829312e-06
  38  4.819421e-06
  39  4.798101e-06
  40  4.795454e-06
  41  4.777851e-06
  42  4.777676e-06
  43  4.758111e-06
  44  4.766951e-06
  45  4.736752e-06
  46  4.730244e-06
  47  4.722598e-06
  48  4.698927e-06
  49  4.688935e-06
  50  4.693228e-06
  51  4.683733e-06
  52  4.667041e-06
  53  4.673321e-06
  54  4.655465e-06
  55  4.621573e-06
  56  4.616440e-06
  57  4.603297e-06
  58  4.612154e-06
  59  4.594069e-06
  60  4.580063e-06
  61  4.561498e-06
  62  4.546287e-06
  63  4.551660e-06
  64  4.522199e-06
  65  4.506257e-06
  66  4.501333e-06
  67  4.488663e-06
  68  4.457778e-06
  69  4.473250e-06
  70  4.441755e-06
  71  4.449365e-06
  72  4.419448e-06
  73  4.419096e-06
  74  4.393025e-06
  75  4.371749e-06
  76  4.375555e-06
  77  4.353807e-06
  78  4.345438e-06
  79  4.331637e-06
  80  4.311153e-06
  81  4.290739e-06
  82  4.278407e-06
  83  4.264750e-06
  84  4.254952e-06
  85  4.239236e-06
  86  4.230646e-06
  87  4.217668e-06
  88  4.195057e-06
  89  4.189255e-06
  90  4.178063e-06
  91  4.155160e-06
  92  4.135698e-06
  93  4.122890e-06
  94  4.090174e-06
  95  4.092276e-06
  96  4.065043e-06
  97  4.053394e-06
  98  4.040493e-06
  99  4.015013e-06
 100  4.005699e-06
 101  3.989346e-06
 102  3.981476e-06
 103  3.958896e-06
 104  3.926593e-06
 105  3.930269e-06
 106  3.910197e-06
 107  3.891033e-06
 108  3.878382e-06
 109  3.871803e-06
 110  3.848523e-06
 111  3.827695e-06
 112  3.809800e-06
 113  3.784402e-06
 114  3.775786e-06
 115  3.764907e-06
 116  3.743260e-06
 117  3.719571e-06
 118  3.709149e-06
 119  3.695336e-06
 120  3.682649e-06
 121  3.651873e-06
 122  3.636329e-06
 123  3.618613e-06
 124  3.607127e-06
 125  3.584250e-06
 126  3.570555e-06
 127  3.562457e-06
 128  3.527848e-06
 129  3.517139e-06
 130  3.504600e-06
 131  3.491346e-06
 132  3.468147e-06
 133  3.448419e-06
 134  3.426463e-06
 135  3.423939e-06
 136  3.404954e-06
 137  3.379167e-06
 138  3.362763e-06
 139  3.345909e-06
 140  3.341224e-06
 141  3.309762e-06
 142  3.288245e-06
 143  3.273208e-06
 144  3.262807e-06
 145  3.242267e-06
 146  3.226047e-06
 147  3.200382e-06
 148  3.193360e-06
 149  3.178521e-06
 150  3.160399e-06
 151  3.151927e-06
 152  3.128655e-06
 153  3.101235e-06
 154  3.085823e-06
 155  3.073406e-06
 156  3.059604e-06
 157  3.032246e-06
 158  3.022027e-06
 159  2.993290e-06
 160  2.989549e-06
 161  2.964217e-06
 162  2.949503e-06
 163  2.933193e-06
 164  2.913383e-06
 165  2.896834e-06
 166  2.884094e-06
 167  2.866165e-06
 168  2.841712e-06
 169  2.823152e-06
 170  2.812582e-06
 171  2.795384e-06
 172  2.778607e-06
 173  2.756198e-06
 174  2.751048e-06
 175  2.730250e-06
 176  2.722306e-06
 177  2.694542e-06
 178  2.685670e-06
 179  2.663156e-06
 180  2.645323e-06
 181  2.624746e-06
 182  2.613083e-06
 183  2.598017e-06
 184  2.573512e-06
 185  2.565269e-06
 186  2.552548e-06
 187  2.525244e-06
 188  2.513792e-06
 189  2.495916e-06
 190  2.487963e-06
 191  2.465437e-06
 192  2.442122e-06
 193  2.437735e-06
 194  2.417389e-06
 195  2.402610e-06
 196  2.380877e-06
 197  2.370045e-06
 198  2.357839e-06
 199  2.336465e-06
 200  2.326899e-06
 201  2.306905e-06
 202  2.287235e-06
 203  2.277810e-06
 204  2.265841e-06
 205  2.244782e-06
 206  2.227094e-06
 207  2.216079e-06
 208  2.199233e-06
 209  2.193356e-06
 210  2.184653e-06
 211  2.157388e-06
 212  2.144066e-06
 213  2.123619e-06
 214  2.113382e-06
 215  2.097162e-06
 216  2.083231e-06
 217  2.069440e-06
 218  2.054742e-06
 219  2.042276e-06
 220  2.028644e-06
 221  2.013790e-06
 222  2.002224e-06
 223  1.980404e-06
 224  1.968850e-06
 225  1.959731e-06
 226  1.941053e-06
 227  1.933208e-06
 228  1.912654e-06
 229  1.901020e-06
 230  1.889226e-06
 231  1.873546e-06
 232  1.861691e-06
 233  1.844390e-06
 234  1.834027e-06
 235  1.822604e-06
 236  1.808207e-06
 237  1.793638e-06
 238  1.778970e-06
 239  1.764559e-06
 240  1.753407e-06
 241  1.732870e-06
 242  1.727634e-06
 243  1.718926e-06
 244  1.699948e-06
 245  1.692054e-06
 246  1.680555e-06
 247  1.658429e-06
 248  1.653588e-06
 249  1.641319e-06
 250  1.628858e-06
 251  1.617472e-06
 252  1.607622e-06
 253  1.588237e-06
 254  1.576529e-06
 255  1.566941e-06
 256  1.550902e-06
 257  1.541637e-06
 258  1.530550e-06
 259  1.516090e-06
 260  1.510378e-06
 261  1.501804e-06
 262  1.482875e-06
 263  1.472820e-06
 264  1.462454e-06
 265  1.449414e-06
 266  1.440158e-06
 267  1.427517e-06
 268  1.416210e-06
 269  1.407441e-06
 270  1.394547e-06
 271  1.380957e-06
 272  1.370580e-06
 273  1.358317e-06
 274  1.350301e-06
 275  1.345257e-06
 276  1.330321e-06
 277  1.321711e-06
 278  1.309105e-06
 279  1.299518e-06
 280  1.287595e-06
 281  1.283236e-06
 282  1.271114e-06
 283  1.259810e-06
 284  1.254232e-06
 285  1.241401e-06
 286  1.227550e-06
 287  1.217218e-06
 288  1.210093e-06
 289  1.197189e-06
 290  1.191814e-06
 291  1.180908e-06
 292  1.169485e-06
 293  1.155764e-06
 294  1.153873e-06
 295  1.141008e-06
 296  1.135235e-06
 297  1.127267e-06
 298  1.115922e-06
 299  1.104216e-06
 300  1.095693e-06
 301  1.085040e-06
 302  1.094340e-06
 303  1.071861e-06
 304  1.061014e-06
 305  1.056705e-06
 306  1.045396e-06
 307  1.033599e-06
 308  1.029911e-06
 309  1.017402e-06
 310  1.012422e-06
 311  1.000158e-06
 312  9.961998e-07
 313  9.833711e-07
 314  9.775819e-07
 315  9.700913e-07
 316  9.607907e-07
 317  9.536951e-07
 318  9.473438e-07
 319  9.383641e-07
 320  9.272859e-07
 321  9.210287e-07
 322  9.154597e-07
 323  9.088176e-07
 324  8.964083e-07
 325  8.934914e-07
 326  8.824321e-07
 327  8.755576e-07
 328  8.691694e-07
 329  8.595509e-07
 330  8.525130e-07
 331  8.463158e-07
 332  8.396617e-07
 333  8.330882e-07
 334  8.264225e-07
 335  8.191387e-07
 336  8.146952e-07
 337  8.052910e-07
 338  7.998930e-07
 339  7.929982e-07
 340  7.888796e-07
 341  7.788520e-07
 342  7.711099e-07
 343  7.640068e-07
 344  7.547118e-07
 345  7.543930e-07
 346  7.456446e-07
 347  7.340845e-07
 348  7.321425e-07
 349  7.242512e-07
 350  7.199156e-07
 351  7.139079e-07
 352  7.053584e-07
 353  6.990081e-07
 354  6.952702e-07
 355  6.895803e-07
 356  6.829580e-07
 357  6.792702e-07
 358  6.729707e-07
 359  6.670534e-07
 360  6.592313e-07
 361  6.555790e-07
 362  6.499215e-07
 363  6.418693e-07
 364  6.383897e-07
 365  6.324447e-07
 366  6.264765e-07
 367  6.219298e-07
 368  6.171466e-07
 369  6.156256e-07
 370  6.083689e-07
 371  6.028304e-07
 372  5.941947e-07
 373  5.922057e-07
 374  5.863038e-07
 375  5.822648e-07
 376  5.737828e-07
 377  5.683871e-07
 378  5.660005e-07
 379  5.587846e-07
 380  5.578171e-07
 381  5.475603e-07
 382  5.465768e-07
 383  5.425771e-07
 384  5.346309e-07
 385  5.293522e-07
 386  5.248427e-07
 387  5.200739e-07
 388  5.163175e-07
 389  5.168354e-07
 390  5.081601e-07
 391  5.001357e-07
 392  4.973442e-07
 393  4.927891e-07
 394  4.878875e-07
 395  4.853045e-07
 396  4.790640e-07
 397  4.763604e-07
 398  4.727502e-07
 399  4.670192e-07
 400  4.642414e-07
 401  4.603237e-07
 402  4.564287e-07
 403  4.495618e-07
 404  4.484246e-07
 405  4.418353e-07
 406  4.388066e-07
 407  4.334247e-07
 408  4.304482e-07
 409  4.291016e-07
 410  4.229201e-07
 411  4.178189e-07
 412  4.201868e-07
 413  4.123389e-07
 414  4.093161e-07
 415  4.088997e-07
 416  4.042207e-07
 417  3.977427e-07
 418  3.947054e-07
 419  3.904447e-07
 420  3.906284e-07
 421  3.868898e-07
 422  3.807650e-07
 423  3.796628e-07
 424  3.762569e-07
 425  3.720470e-07
 426  3.678015e-07
 427  3.633019e-07
 428  3.597835e-07
 429  3.591081e-07
 430  3.542511e-07
 431  3.521157e-07
 432  3.460765e-07
 433  3.464641e-07
 434  3.414453e-07
 435  3.389309e-07
 436  3.377739e-07
 437  3.325788e-07
 438  3.293817e-07
 439  3.262288e-07
 440  3.218540e-07
 441  3.184683e-07
 442  3.174536e-07
 443  3.149084e-07
 444  3.122322e-07
 445  3.083979e-07
 446  3.071894e-07
 447  3.027390e-07
 448  2.996223e-07
 449  2.986523e-07
 450  2.968027e-07
 451  2.917522e-07
 452  2.895905e-07
 453  2.854284e-07
 454  2.846258e-07
 455  2.820236e-07
 456  2.785191e-07
 457  2.771553e-07
 458  2.749791e-07
 459  2.717881e-07
 460  2.697240e-07
 461  2.674687e-07
 462  2.643074e-07
 463  2.601695e-07
 464  2.594699e-07
 465  2.566711e-07
 466  2.541564e-07
 467  2.536074e-07
 468  2.500317e-07
 469  2.466484e-07
 470  2.453594e-07
 471  2.430968e-07
 472  2.401415e-07
 473  2.382798e-07
 474  2.344369e-07
 475  2.334498e-07
 476  2.346786e-07
 477  2.294087e-07
 478  2.270725e-07
 479  2.258086e-07
 480  2.242397e-07
 481  2.210841e-07
 482  2.198983e-07
 483  2.183738e-07
 484  2.162202e-07
 485  2.137123e-07
 486  2.125393e-07
 487  2.095750e-07
 488  2.085474e-07
 489  2.049180e-07
 490  2.032847e-07
 491  2.005359e-07
 492  2.008959e-07
 493  1.999070e-07
 494  1.975590e-07
 495  1.958426e-07
 496  1.942172e-07
 497  1.915159e-07
 498  1.892151e-07
 499  1.872310e-07
 500  1.847926e-07
 501  1.852440e-07
 502  1.834505e-07
 503  1.807345e-07
 504  1.776728e-07
 505  1.759491e-07
 506  1.750358e-07
 507  1.755240e-07
 508  1.724741e-07
 509  1.700550e-07
 510  1.705405e-07
 511  1.668654e-07
 512  1.651593e-07
 513  1.634599e-07
 514  1.610307e-07
 515  1.601816e-07
 516  1.603702e-07
 517  1.585457e-07
 518  1.577911e-07
 519  1.562472e-07
 520  1.540859e-07
 521  1.522218e-07
 522  1.502581e-07
 523  1.481952e-07
 524  1.492667e-07
 525  1.465132e-07
 526  1.445181e-07
 527  1.433699e-07
 528  1.419234e-07
 529  1.422830e-07
 530  1.401852e-07
 531  1.376843e-07
 532  1.380798e-07
 533  1.356905e-07
 534  1.352197e-07
 535  1.337868e-07
 536  1.323525e-07
 537  1.320156e-07
 538  1.300104e-07
 539  1.290168e-07
 540  1.257875e-07
 541  1.264279e-07
 542  1.264345e-07
 543  1.231578e-07
 544  1.232401e-07
 545  1.212772e-07
